1	1	4	3	2	1
2	2	5	4	3	2
3	3	6	5	4	3
4	4	7	1	2	3
5	5	18	6	5	4
6	6	14	4	3	2
7	7	14	4	3	12
8	8	12	3	2	10
9	9	9	1	2	3
10	10	16	5	4	15
11	11	17	5	4	14
12	12	14	4	3	13
13	13	15	4	3	12
14	14	18	6	5	16
15	15	13	3	2	10
16	16	12	3	2	1
17	17	16	5	4	14
18	18	15	4	3	2
19	19	13	3	4	5
20	20	12	3	4	5
21	21	13	3	2	11
22	22	15	4	3	13
23	23	10	2	1	7
24	24	8	1	2	3
25	25	10	2	1	9
26	26	11	2	1	8
27	27	16	5	4	3
28	28	18	6	5	17
29	29	17	5	4	15
30	30	12	3	2	11
31	31	11	2	1	7
32	32	10	2	1	8
33	33	11	2	3	4
34	34	13	3	2	1
35	35	15	4	5	6
36	36	10	2	3	4
37	37	11	2	1	9
38	38	17	5	4	3
39	39	14	4	5	6